XXXXXXXXX GAME INFO XXXXXXXXX
Round Number : 33
Maximum Amount Of Rounds : 400
Map Width : 16
Map Height : 8
Round Income Energy : 5
XXXXXXXXXXXXXXXXXXXXXXXXXXXXX

****** BUILDING STATS ******
type;health;constructionTime;price;weaponDamage;weaponSpeed;weaponCooldownPeriod;energyGeneratedPerTurn;destroyMultiplier;constructionScore
ATTACK;5;2;30;5;2;3;0;1;15;
DEFENSE;20;4;30;0;0;0;0;1;10;
ENERGY;5;2;20;0;0;0;3;1;3;
*****************************

---------- PLAYER A ----------
Energy : 15
Health : 15
HitsTaken : 17
Score : 234
------------------------------

---------- PLAYER B ----------
Energy : 32
Health : 100
HitsTaken : 0
Score : 2337
------------------------------

############# MAP #############
[0,0,N,0,0][1,0,N,0,0][2,0,N,0,2][3,0,N,0,0][4,0,N,0,0][5,0,N,0,1][6,0,d,0,0][7,0,N,0,2][8,0,D,0,1][9,0,A,0,0][10,0,A,0,1][11,0,A,0,0][12,0,A,0,0][13,0,A,0,0][14,0,A,0,0][15,0,E,0,0]
[0,1,N,0,1][1,1,N,0,0][2,1,N,0,0][3,1,N,0,0][4,1,N,0,0][5,1,N,0,0][6,1,N,0,0][7,1,N,0,0][8,1,N,0,1][9,1,N,0,0][10,1,N,0,0][11,1,N,0,0][12,1,N,0,0][13,1,N,0,0][14,1,A,0,0][15,1,E,0,0]
[0,2,N,0,0][1,2,N,0,0][2,2,N,0,0][3,2,N,0,0][4,2,D,0,0][5,2,N,0,0][6,2,N,0,0][7,2,N,0,0][8,2,N,0,0][9,2,N,0,0][10,2,N,0,0][11,2,N,0,0][12,2,N,0,1][13,2,N,0,0][14,2,A,0,0][15,2,E,0,0]
[0,3,N,0,0][1,3,N,0,0][2,3,N,0,0][3,3,N,0,0][4,3,N,0,0][5,3,N,0,0][6,3,N,0,0][7,3,N,0,0][8,3,N,0,0][9,3,N,0,0][10,3,N,0,0][11,3,N,0,0][12,3,N,0,0][13,3,N,0,0][14,3,N,0,0][15,3,E,0,0]
[0,4,D,0,0][1,4,N,0,1][2,4,N,0,0][3,4,N,0,0][4,4,N,0,1][5,4,N,0,0][6,4,N,0,0][7,4,N,0,1][8,4,D,0,0][9,4,A,0,0][10,4,A,0,1][11,4,A,0,0][12,4,A,0,0][13,4,a,0,0][14,4,N,0,0][15,4,E,0,0]
[0,5,N,0,0][1,5,N,0,0][2,5,N,0,1][3,5,N,0,0][4,5,N,0,0][5,5,N,0,0][6,5,N,0,0][7,5,N,0,0][8,5,N,0,0][9,5,N,0,0][10,5,N,0,1][11,5,N,0,0][12,5,N,0,0][13,5,N,0,0][14,5,A,0,0][15,5,E,0,0]
[0,6,N,0,0][1,6,N,0,0][2,6,N,0,1][3,6,N,0,0][4,6,N,0,0][5,6,N,0,0][6,6,N,0,0][7,6,N,0,0][8,6,N,0,0][9,6,N,0,0][10,6,N,0,1][11,6,N,0,0][12,6,N,0,0][13,6,N,0,0][14,6,A,0,0][15,6,E,0,0]
[0,7,N,0,0][1,7,N,0,0][2,7,N,0,0][3,7,N,0,0][4,7,N,0,0][5,7,N,0,0][6,7,N,0,1][7,7,N,0,0][8,7,N,0,0][9,7,N,0,0][10,7,N,0,0][11,7,N,0,0][12,7,N,0,0][13,7,N,0,0][14,7,A,0,0][15,7,E,0,0]
###############################

######## BUILDING DATA #########
FORMAT : [x,y] Owner|BuildingType|ConstructionTimeLeft|Health|WeaponCooldownTimeLeft|WeaponDamage|EnergyGeneratedPerTurn

[0,4] A|DEFENSE|0|20|0|0|0
[15,1] B|ENERGY|0|5|0|0|3
[15,2] B|ENERGY|0|5|0|0|3
[15,3] B|ENERGY|0|5|0|0|3
[8,0] B|DEFENSE|0|15|0|0|0
[15,4] B|ENERGY|0|5|0|0|3
[15,5] B|ENERGY|0|5|0|0|3
[15,6] B|ENERGY|0|5|0|0|3
[15,7] B|ENERGY|0|5|0|0|3
[4,2] A|DEFENSE|0|10|0|0|0
[9,0] B|ATTACK|0|5|3|5|0
[10,0] B|ATTACK|0|5|0|5|0
[15,0] B|ENERGY|0|5|0|0|3
[11,0] B|ATTACK|0|5|2|5|0
[12,0] B|ATTACK|0|5|3|5|0
[13,0] B|ATTACK|0|5|0|5|0
[14,0] B|ATTACK|0|5|1|5|0
[14,5] B|ATTACK|0|5|2|5|0
[14,2] B|ATTACK|0|5|3|5|0
[14,7] B|ATTACK|0|5|0|5|0
[14,1] B|ATTACK|0|5|1|5|0
[14,6] B|ATTACK|0|5|2|5|0
[8,4] B|DEFENSE|0|20|0|0|0
[9,4] B|ATTACK|0|5|0|5|0
[10,4] B|ATTACK|0|5|1|5|0
[6,0] A|DEFENSE|1|20|0|0|0
[11,4] B|ATTACK|0|5|2|5|0
[12,4] B|ATTACK|0|5|3|5|0
[13,4] B|ATTACK|1|5|0|5|0
###############################

####### MISSILE DATA ########
FORMAT : [x,y] Owner|Damage|Speed

[0,1] B|5|2
[2,5] B|5|2
[2,6] B|5|2
[2,0] B|5|2
[2,0] B|5|2
[5,0] B|5|2
[6,7] B|5|2
[1,4] B|5|2
[8,0] B|5|2
[8,1] B|5|2
[4,4] B|5|2
[7,0] B|5|2
[10,5] B|5|2
[10,6] B|5|2
[7,4] B|5|2
[7,0] B|5|2
[10,0] B|5|2
[12,2] B|5|2
[10,4] B|5|2
###############################
